1 0.4270833333333333 0.19540039062499998 0.2942708333333333 0.16033447265624998
1 0.09895833333333333 0.8051220703125 0.15885416666666666 0.32020751953124993
1 0.7734375 0.8537036132812499 0.1796875 0.16834472656249994
0 0.46887695312500005 0.58506103515625 0.05569010416666664 0.2398022460937499
0 0.7765625 0.44442138671875 0.41923828125 0.04283935546874993
0 0.600234375 0.5612451171875 0.12296874999999995 0.07257080078125
0 0.17944010416666664 0.46971923828125 0.3104524739583334 0.07008544921875011
0 0.09581705729166666 0.31055908203125 0.09996744791666666 0.05270507812500007
1 0.7261458333333333 0.33339599609375 0.10671223958333324 0.05816894531249996
1 0.3381575520833333 0.78848876953125 0.08068684895833336 0.06796386718750007
1 0.3425097656250001 0.8620703125 0.06885416666666669 0.031743164062499926