0 0.5016276041666666 0.5 0.20247395833333334 1
1 0.13164388020833334 0.9382299804687498 0.23570312499999999 0.12354003906250029
1 0.052721354166666665 0.8504443359374999 0.08663411458333332 0.057980957031249857
1 0.212197265625 0.81682373046875 0.10468750000000006 0.07631103515624993
1 0.09779296875000001 0.73736572265625 0.09779296875 0.06972412109375004
1 0.06362630208333334 0.66116455078125 0.09591145833333332 0.07529296875
1 0.2601529947916667 0.58236083984375 0.048896484375000014 0.05873046875000014
0 0.37768880208333333 0.3842529296875 0.04826822916666676 0.32542968749999995
0 0.266044921875 0.26773681640625 0.24749023437499995 0.13189208984374998
0 0.6572135416666666 0.346923828125 0.07070963541666657 0.27334228515625
0 0.8086653645833333 0.3711767578125 0.022568359375000093 0.12250244140625002
0 0.9077083333333333 0.3694384765625 0.030091145833333145 0.13124755859375004
1 0.8216764322916668 0.50115234375 0.08674153645833348 0.04515624999999997
1 0.6604101562500001 0.506630859375 0.046155598958333384 0.033139648437499857
1 0.9330273437500001 0.49699951171874995 0.07901367187499986 0.08540771484375007