1 0.7376302083333334 0.88300537109375 0.22526041666666666 0.16835205078124993
1 0.07360026041666666 0.8872216796875 0.1266536458333333 0.22555664062500008
1 0.347158203125 0.8194921875000001 0.11608723958333324 0.12641845703125015
1 0.20693033854166668 0.97665283203125 0.11006835937500004 0.046694335937500143
0 0.46923502604166667 0.56242431640625 0.05203125000000005 0.31259521484375
0 0.20089518229166667 0.46676025390625 0.3728841145833333 0.058640136718750034
0 0.8146158854166666 0.436767578125 0.3707682291666667 0.046875
0 0.872470703125 0.27946533203125 0.02344726562499986 0.11763427734374998
1 0.713330078125 0.324755859375 0.15159505208333332 0.10222900390624998
1 0.3613216145833333 0.20875488281249996 0.15416341145833337 0.10869873046874998
1 0.6577669270833334 0.149248046875 0.1368196614583333 0.10049072265624996
0 0.09570963541666666 0.32005615234375 0.10791341145833334 0.09764892578124992