0 0.625 0.22178955078125 0.2421875 0.3888916015625
0 0.2789713541666667 0.3963525390625 0.23763020833333334 0.07883789062500002
0 0.19270833333333334 0.52478759765625 0.22135416666666666 0.052504882812499966
0 0.5393880208333334 0.57339599609375 0.055338541666666664 0.27179199218750016
1 0.9030468749999999 0.7642187500000001 0.14572916666666677 0.09343017578124986
1 0.8917057291666667 0.9312548828124999 0.1503450520833333 0.09931396484374985
1 0.7703678385416667 0.9258349609375 0.06985351562500004 0.08846923828124993
1 0.2872135416666667 0.9079174804687501 0.14492513020833328 0.11134765625000007
1 0.16978841145833337 0.69451171875 0.12685872395833328 0.08800292968749997
0 0.8288802083333333 0.46395263671875 0.2639583333333332 0.061962890625
0 0.3932975260416666 0.23956787109375002 0.047171223958333286 0.24849853515625