0 0.3876953125 0.62320556640625 0.013671875 0.23468994140625005
0 0.6888020833333334 0.40514404296875 0.24479166666666666 0.09642089843750004
1 0.42822591145833333 0.9456982421875001 0.09911783854166671 0.10860107421875007
1 0.08655273437499998 0.9767822265625 0.15565429687500001 0.046435546875
1 0.608662109375 0.9107421875 0.09004231770833329 0.04653808593749993
1 0.893798828125 0.84988525390625 0.09492838541666657 0.07271484374999986
1 0.13279622395833332 0.55809326171875 0.13122395833333333 0.05844238281250007
1 0.27475260416666664 0.02639892578125 0.10277994791666668 0.0527978515625
1 0.3067740885416666 0.082880859375 0.09876953125000003 0.04247314453125002
1 0.6133723958333334 0.18223144531250002 0.08027018229166671 0.06580322265625001
1 0.5099804687499999 0.09944091796875001 0.049733072916666704 0.07952148437500002
0 0.1286067708333333 0.0936083984375 0.20835611979166668 0.027287597656249996
0 0.046767578124999994 0.21940673828125004 0.0691015625 0.1192138671875
0 0.12923177083333334 0.39416015625 0.16080729166666666 0.15746337890625012