1 0.17711588541666667 0.96732177734375 0.17882486979166673 0.0653564453125
1 0.0646875 0.8572216796874998 0.102587890625 0.08401611328125007
1 0.16580078125000003 0.782236328125 0.13607096354166667 0.05960205078125007
1 0.19559895833333335 0.726943359375 0.10325846354166668 0.05347900390625
0 0.4874446614583334 0.6616064453125 0.036526692708333405 0.29205078124999984
0 0.24859374999999997 0.6563134765625 0.23646158854166666 0.06558837890624983
0 0.7368131510416666 0.5628466796875 0.31455078125 0.07226806640624997
0 0.5320540364583334 0.257080078125 0.2594759114583333 0.3810131835937501
0 0.20377929687500002 0.303515625 0.053730468749999954 0.11510986328125003
0 0.04160807291666666 0.34504150390625 0.06355794270833333 0.035988769531249964
0 0.8901432291666667 0.26382568359375 0.03079752604166662 0.10207275390625004
0 0.7246940104166667 0.3090380859375 0.09959635416666662 0.03524169921875
0 0.31156575520833335 0.2675146484375 0.05307291666666671 0.15368164062499998
0 0.1582389322916667 0.48364501953124994 0.27061523437499996 0.0478271484375
1 0.5277571614583334 0.9131103515625 0.15138346354166668 0.12271484375000022
1 0.6472395833333332 0.92024169921875 0.04587239583333324 0.09694091796874993