1 0.9446712239583334 0.9410302734375 0.10286458333333333 0.11793945312500007
1 0.7835188802083334 0.9156054687500002 0.13839843749999994 0.16878906249999978
1 0.6412239583333333 0.87864990234375 0.09569335937499991 0.10890136718750014
1 0.9223079427083333 0.7814404296875 0.13668619791666667 0.12372070312500014
1 0.93828125 0.65157470703125 0.10629231770833343 0.09893798828125
0 0.5399674479166666 0.5522314453125 0.09930989583333319 0.38055664062500016
0 0.2939453125 0.40986572265625 0.3287141927083333 0.14814697265624996
0 0.85349609375 0.40571533203125 0.2848014322916669 0.09983398437499993
0 0.8945345052083333 0.13855224609375 0.16989583333333325 0.1268798828125
0 0.6228613281250001 0.19749267578125 0.073046875 0.09274169921875001
0 0.11475585937500009 0.3220556640625 0.22950846354166668 0.055258789062500036
0 0.07027669270833327 0.2429638671875 0.048069661458333475 0.11676757812499998
1 0.3988216145833333 0.29118896484375 0.07657552083333338 0.05594482421875
1 0.35309244791666666 0.204033203125 0.05109700520833324 0.0458740234375
1 0.2373144531250001 0.23018554687499998 0.06739583333333338 0.048666992187499945