1 0.27965820312500006 0.65676513671875 0.31979817708333347 0.28919433593750005
1 0.6375716145833332 0.68314697265625 0.1644140625000001 0.14075439453124988
1 0.8420930989583333 0.726494140625 0.21222330729166666 0.30115478515625005
1 0.7604166666666666 0.943837890625 0.21886393229166667 0.11232177734374993
1 0.19625651041666667 0.91047119140625 0.3166113281250001 0.17905761718749993
1 0.56306640625 0.81580322265625 0.10889973958333314 0.10127929687499986
1 0.5094140625 0.926484375 0.12058919270833333 0.14135986328125014
1 0.6191113281249999 0.393193359375 0.20399088541666663 0.28596923828124987
1 0.3257421875 0.4445849609375 0.20372395833333337 0.14970458984375004
1 0.22547200520833333 0.2669873046875 0.0775585937500002 0.13515869140625006
1 0.8496647135416667 0.30285888671875005 0.24223958333333329 0.23877197265624997
1 0.4039713541666667 0.22623291015625 0.20578450520833325 0.12419921875000002
1 0.056315104166666664 0.7999267578125 0.11263020833333333 0.400146484375