1 0.297431640625 0.13102050781249996 0.2950325520833334 0.15612792968749997
1 0.8981477864583334 0.44659667968749994 0.16603841145833323 0.12097900390625008
1 0.9308626302083334 0.55583984375 0.1246972656249999 0.05612060546874993
1 0.9270703124999999 0.76773193359375 0.1458593750000001 0.06617919921874993
1 0.706103515625 0.88558837890625 0.11319986979166667 0.10991455078125015
1 0.8182747395833333 0.8719287109374999 0.09253255208333329 0.06822509765625
1 0.8339485677083333 0.96741455078125 0.1279850260416668 0.06516845703125007
1 0.6029622395833333 0.9648486328124999 0.11224283854166663 0.07030273437500015
1 0.35110026041666664 0.952529296875 0.07391601562500003 0.09494140625000007
1 0.14905598958333333 0.6889892578125 0.09805013020833335 0.0816650390625
1 0.210830078125 0.7955224609375 0.10288736979166663 0.11006103515625014
0 0.5595377604166667 0.42359130859375 0.11698242187499991 0.27560058593750003
0 0.12945638020833336 0.33889892578125 0.23740559895833335 0.19976318359374998
0 0.38041015624999996 0.3206640625 0.21031249999999999 0.08910156249999997
0 0.7709244791666667 0.13037353515625 0.16558268229166656 0.22784667968750005
0 0.8601953125 0.3055419921875 0.27960937499999994 0.08143310546875
1 0.072685546875 0.1298828125 0.10666015625000001 0.13332275390625004