1 0.13888888888888887 0.49597718253968254 0.2469113756613756 0.35636904761904764
1 0.23037698412698404 0.7992460317460317 0.3637566137566137 0.1626488095238095
1 0.6807738095238095 0.920967261904762 0.44003306878306864 0.15806547619047606
1 0.706792328042328 0.3960267857142857 0.20105820105820105 0.08702876984126987
1 0.8886706349206349 0.19444444444444445 0.2226587301587301 0.3888888888888889
1 0.5555555555555555 0.06672123015873015 0.36595899470899457 0.11650793650793649
1 0.12169312169312169 0.14716765873015872 0.23897486772486767 0.29433531746031744
1 0.6759259259259258 0.643705357142857 0.1746031746031747 0.3280208333333333
0 0.3670039682539682 0.1797767857142857 0.12456349206349202 0.10941468253968259
0 0.5093187830687831 0.2712003968253968 0.11452380952380962 0.11144345238095239
0 0.489728835978836 0.5686904761904762 0.02377645502645507 0.38496031746031745