0 0.4977213541666667 0.54631103515625 0.11653645833333333 0.5252392578125
1 0.153173828125 0.94556396484375 0.07473958333333333 0.08482666015625
1 0.274482421875 0.81366943359375 0.11859700520833331 0.07112548828125007
1 0.05453450520833333 0.9613427734375 0.08935872395833332 0.06956787109375
1 0.21321289062499998 0.64274169921875 0.13075195312500001 0.1345874023437501
1 0.3809212239583334 0.7214111328125 0.12122395833333334 0.07386718750000014
1 0.6718294270833334 0.692646484375 0.20532552083333327 0.17279785156249988
1 0.7633235677083333 0.8315673828125 0.10906901041666686 0.09706298828124993
1 0.8917643229166666 0.7702099609375 0.21647135416666666 0.15668212890624994
1 0.8883268229166668 0.8858642578125 0.1061132812500001 0.09971435546875007
1 0.6883365885416667 0.5503466796875 0.09215169270833339 0.0816162109375
0 0.8340364583333333 0.44527099609375 0.2685677083333334 0.157275390625
0 0.212060546875 0.27526611328125 0.31735351562499997 0.20164306640625
0 0.6232096354166666 0.2874560546875 0.17050455729166672 0.0658642578124999