1 0.03910807291666667 0.9410009765625 0.07821289062499999 0.11799804687499993
0 0.40996744791666667 0.6137451171875 0.046891276041666666 0.37895751953125006
0 0.13346028645833333 0.53564208984375 0.2542513020833333 0.08735839843749993
0 0.6715071614583332 0.62499755859375 0.21353841145833313 0.0664721679687501
0 0.6017382812500001 0.4084228515625 0.24563476562500006 0.0651171875000001
0 0.11307617187499999 0.16486083984375 0.039521484374999985 0.17904541015624997
0 0.4181282552083333 0.26055664062500006 0.04857747395833331 0.41263427734375
0 0.7086393229166668 0.21730224609375 0.06696614583333348 0.2668798828125
0 0.5576888020833334 0.12012451171874998 0.09441080729166676 0.03296630859374998
1 0.5425390625 0.9112597656249999 0.08005859375000005 0.0522216796875
1 0.140224609375 0.8301708984375 0.07234700520833333 0.04796142578125