0 0.419921875 0.58586181640625 0.08463541666666667 0.4383227539062499
0 0.7288411458333334 0.31040283203125 0.279296875 0.08271972656250001
0 0.8336588541666666 0.47717529296874994 0.3326822916666667 0.08911865234375008
0 0.5859375 0.71647216796875 0.1171875 0.11849121093750004
0 0.14388020833333334 0.38218994140625 0.23567708333333334 0.06027587890624999
1 0.23111979166666666 0.9005859375 0.20182291666666666 0.183984375
1 0.3905240885416667 0.8563818359374998 0.09299804687500005 0.07174316406249978
1 0.045725911458333345 0.8243457031249999 0.08115885416666666 0.11962402343750007
1 0.3809993489583334 0.21951171875000003 0.18205078124999996 0.10932861328124999
1 0.15708333333333332 0.1825048828125 0.1219954427083333 0.03917236328125
1 0.17072591145833335 0.24769531249999996 0.1166764322916667 0.05502197265624993