1 0.16978515625 0.8913134765625002 0.138447265625 0.09073974609374993
1 0.3002799479166667 0.7943896484374999 0.05799804687500002 0.052993164062500056
1 0.218955078125 0.8239916992187502 0.07191406250000003 0.049931640625000016
1 0.308701171875 0.96707763671875 0.030403645833333333 0.03529785156250007
0 0.33675781250000003 0.5451318359375 0.06726236979166676 0.38031494140624994
0 0.141474609375 0.59060791015625 0.13497070312499998 0.14168212890625007
0 0.6425748697916667 0.53796630859375 0.15514973958333325 0.14738525390625004
0 0.7819401041666666 0.3075146484375 0.43611979166666687 0.06650634765624996
0 0.39236002604166664 0.22790039062499998 0.044840494791666664 0.24358886718750003
0 0.9397623697916667 0.11386474609375 0.03878906249999995 0.12313964843749999
0 0.11624999999999999 0.2659765625 0.17420898437499996 0.11458984375000006
1 0.10986002604166666 0.11974121093749998 0.14573567708333332 0.0962158203125
1 0.2767838541666666 0.10645263671874998 0.10066731770833333 0.05282226562500001
1 0.7728385416666667 0.11301513671875 0.18474609375000003 0.08948730468750002