1 0.22477213541666666 0.916015625 0.2568359375 0.16796875
1 0.18747070312499997 0.6632275390625 0.37494140624999994 0.2890063476562501
1 0.5154036458333333 0.78148193359375 0.25535807291666673 0.19058593750000022
1 0.7226171875000001 0.8385791015625002 0.206787109375 0.1258325195312498
1 0.46654947916666667 0.9505273437499999 0.15764648437499992 0.08982421874999993
1 0.5269075520833334 0.60258544921875 0.25280273437500006 0.7573706054687499
0 0.724462890625 0.17915283203125 0.150830078125 0.3583056640625
0 0.12767903645833334 0.12256591796874998 0.13321940104166666 0.13392822265625
0 0.3462532552083334 0.07302978515625 0.03919921875000002 0.1460595703125
1 0.8770735677083332 0.6459033203125 0.24585286458333352 0.18359375
1 0.2662760416666667 0.38658935546875 0.19401041666666666 0.11790283203124989