1 0.7025683593750001 0.13102050781249996 0.2950325520833334 0.1561279296875
1 0.1018522135416666 0.44659667968749994 0.16603841145833323 0.12097900390625008
1 0.0691373697916666 0.55583984375 0.1246972656249999 0.05612060546874993
1 0.07292968750000005 0.76773193359375 0.1458593750000001 0.06617919921874993
1 0.293896484375 0.88558837890625 0.11319986979166667 0.10991455078125015
1 0.18172526041666673 0.8719287109374999 0.09253255208333329 0.06822509765625
1 0.16605143229166675 0.96741455078125 0.1279850260416668 0.06516845703125007
1 0.39703776041666666 0.9648486328124999 0.11224283854166663 0.07030273437500015
1 0.6488997395833334 0.952529296875 0.07391601562500014 0.09494140625000007
1 0.8509440104166667 0.6889892578125 0.09805013020833328 0.0816650390625
1 0.789169921875 0.7955224609375 0.10288736979166657 0.11006103515625014
0 0.44046223958333336 0.42359130859375 0.11698242187499991 0.2756005859375
0 0.8705436197916666 0.33889892578125 0.2374055989583333 0.19976318359374998
0 0.6195898437500001 0.3206640625 0.2103125000000001 0.08910156249999997
0 0.22907552083333324 0.13037353515625 0.16558268229166656 0.22784667968750005
0 0.13980468749999997 0.3055419921875 0.27960937499999994 0.08143310546875
1 0.9273144531249999 0.1298828125 0.10666015624999996 0.13332275390625004