1 0.6431705729166666 0.15733398437499999 0.1827246093750001 0.14021728515624998
1 0.9225423177083333 0.243095703125 0.12043619791666677 0.09109374999999993
0 0.86921875 0.0901171875 0.10756510416666672 0.15403320312499996
0 0.51365234375 0.6140087890625 0.05562174479166657 0.18648681640625017
0 0.6039811197916668 0.82010009765625 0.07263020833333324 0.28148681640624995
1 0.7456803385416666 0.9285229492187501 0.10411783854166666 0.06048095703124971
1 0.8285384114583334 0.6213916015625 0.0877994791666668 0.059897460937500036
1 0.93955078125 0.35349853515625 0.07263020833333324 0.06884033203124992
1 0.19704427083333337 0.186982421875 0.1050390625000001 0.04609619140625001
0 0.1865234375 0.0323486328125 0.05078125 0.064697265625
1 0.5945572916666666 0.03451171875 0.05240559895833338 0.042819824218750004
1 0.062174479166666664 0.633544921875 0.12434895833333333 0.07421875