1 0.7203417968749999 0.65676513671875 0.31979817708333347 0.28919433593750005
1 0.3624283854166667 0.68314697265625 0.16441406249999999 0.14075439453124988
1 0.1579069010416667 0.726494140625 0.21222330729166666 0.30115478515625
1 0.23958333333333334 0.943837890625 0.21886393229166667 0.11232177734374993
1 0.8037434895833333 0.91047119140625 0.3166113281250001 0.17905761718749993
1 0.43693359375 0.81580322265625 0.10889973958333327 0.10127929687499995
1 0.49058593749999996 0.926484375 0.12058919270833333 0.14135986328125014
1 0.380888671875 0.393193359375 0.20399088541666663 0.2859692382812499
1 0.6742578125 0.4445849609375 0.20372395833333337 0.14970458984374999
1 0.7745279947916667 0.2669873046875 0.0775585937500002 0.13515869140625006
1 0.15033528645833333 0.30285888671875005 0.24223958333333334 0.23877197265625
1 0.5960286458333334 0.22623291015625 0.2057845052083333 0.12419921875000002
1 0.9436848958333334 0.7999267578125 0.11263020833333333 0.400146484375