1 0.893798828125 0.7819010416666666 0.21240234375 0.3828125
1 0.1062841796875 0.5133658854166666 0.15396972656249996 0.2185677083333334
1 0.1617822265625 0.11920572916666666 0.3138037109375 0.194140625
1 0.41943359375 0.22229817708333333 0.09017089843750004 0.1442513020833334
1 0.52587890625 0.22664062499999998 0.08821777343750004 0.17029947916666663
1 0.6376953125 0.19538411458333335 0.10677246093750004 0.1251432291666667
1 0.7976904296875 0.2950130208333333 0.1565771484375002 0.2072200520833333
1 0.41015625 0.48775390625000004 0.126953125 0.2107486979166667
1 0.5506201171875 0.5079361979166667 0.08561035156249996 0.19469401041666667
1 0.7071923828125 0.5826041666666667 0.11881347656249996 0.20513020833333329
1 0.3850927734374999 0.7542838541666667 0.12239746093750004 0.22298177083333334
1 0.6251611328125 0.7918424479166667 0.15006347656249996 0.2763867187499999