1 0.6087646484375 0.09027288732394366 0.131103515625 0.13945862676056342
1 0.8837890625 0.16364436619718312 0.1513671875 0.2275234741784038
1 0.9453125 0.7228946596244131 0.0986328125 0.2713468309859155
1 0.55322265625 0.2810225938967136 0.232421875 0.13951731220657274
1 0.2821044921875 0.3881455399061033 0.200439453125 0.19237089201877933
1 0.1883544921875 0.5840302230046949 0.218017578125 0.09998532863849766
1 0.36474609375 0.5550542840375586 0.109375 0.1080472417840376
1 0.518798828125 0.43950264084507046 0.12939453125 0.1630428403755869
1 0.6600341796875 0.4475718896713615 0.106689453125 0.1645099765258216
1 0.619140625 0.634294307511737 0.1103515625 0.20785651408450712
1 0.740234375 0.6931704812206573 0.0888671875 0.14587734741784028
1 0.703857421875 0.8775088028169015 0.09912109375 0.17344483568075128
1 0.447265625 0.6737309272300469 0.1259765625 0.231712147887324
1 0.1348876953125 0.7916666666666666 0.086669921875 0.1191241197183097
1 0.2515869140625 0.8090889084507042 0.066162109375 0.09895833333333333