1 0.3974609375 0.7123893229166666 0.10807128906249996 0.10880208333333315
1 0.54345703125 0.6885156249999999 0.08431152343750004 0.12181640625000015
1 0.3636083984374999 0.47863281249999995 0.1315087890624999 0.14910156250000003
1 0.5607080078125 0.38205078125 0.08626464843750004 0.1686067708333334
1 0.71142578125 0.42263671875 0.10774902343750004 0.14995442708333329
1 0.8284521484375 0.5048893229166667 0.11067871093750012 0.11047526041666676
1 0.0929345703125 0.22099609375 0.0556640625 0.11560546875000005
1 0.0973291015625 0.061679687500000004 0.06770996093750002 0.08343098958333334
1 0.2874365234375 0.2044986979166667 0.16145996093750004 0.11733072916666672
1 0.19352050781249996 0.38855468750000005 0.08105468749999997 0.12085937500000009
1 0.5738916015625 0.17216145833333335 0.09635253906249996 0.12643880208333336