1 0.106201171875 0.7819010416666666 0.21240234375 0.3828125
1 0.8937158203125 0.5133658854166666 0.1539697265624998 0.2185677083333334
1 0.8382177734375 0.11920572916666666 0.31380371093749987 0.194140625
1 0.58056640625 0.22229817708333333 0.09017089843750004 0.1442513020833334
1 0.47412109375 0.22664062499999998 0.08821777343750004 0.17029947916666663
1 0.3623046875 0.19538411458333335 0.10677246093750004 0.1251432291666667
1 0.20230957031249996 0.2950130208333333 0.15657714843750012 0.2072200520833333
1 0.58984375 0.48775390625000004 0.126953125 0.2107486979166667
1 0.44937988281249996 0.5079361979166667 0.08561035156249996 0.19469401041666667
1 0.29280761718750004 0.5826041666666667 0.11881347656249996 0.20513020833333329
1 0.6149072265625001 0.7542838541666667 0.12239746093750004 0.22298177083333334
1 0.37483886718750004 0.7918424479166667 0.15006347656249996 0.2763867187499999