1 0.6708984375 0.6833072916666666 0.09505371093750004 0.14612630208333333
1 0.7379541015625 0.5085872395833333 0.125 0.18297526041666662
1 0.359375 0.6312109375 0.142578125 0.12875000000000014
1 0.4386376953125001 0.7740299479166667 0.14811035156249996 0.11055989583333338
1 0.5120458984375 0.62318359375 0.11588378906249996 0.16911458333333348
1 0.8375634765625 0.25616536458333333 0.14192871093750012 0.1946158854166667
1 0.38525390625 0.30239583333333336 0.19759277343750004 0.2306640625
1 0.5813818359375 0.12007812500000001 0.10481933593750004 0.19587890624999998
1 0.08740234375 0.5289908854166666 0.0901708984375 0.19774088541666662
1 0.19986816406249996 0.59736328125 0.08398437499999997 0.2346549479166666
1 0.1005859375 0.30065755208333333 0.12630371093750004 0.20982421875000007